-11 -11 -11 -11 -11 -11 -11 -11 -11 -11 -11 -11 -11 -11 -11 -11 -11 -11 -11 -11 -11 -11 -11 -11 -11 -11 -11 -11 -11
-11 000 001 002 003 004 005 006 007 008 009 010 011 012 -11 013 014 015 016 017 018 019 020 021 022 023 024 025 -11
-11 026 -11 -11 -11 -11 -11 027 -11 -11 -11 -11 -11 028 -11 029 -11 -11 -11 -11 -11 030 -11 -11 -11 -11 -11 031 -11
-11 032 -11 -11 -11 -11 -11 033 -11 -11 -11 -11 -11 034 -11 035 -11 -11 -11 -11 -11 036 -11 -11 -11 -11 -11 037 -11 
-11 038 -11 -11 -11 -11 -11 039 -11 -11 -11 -11 -11 040 -11 041 -11 -11 -11 -11 -11 042 -11 -11 -11 -11 -11 043 -11 
-11 044 045 046 047 048 049 050 051 052 053 054 055 056 057 058 059 060 061 062 063 064 065 066 067 068 069 070 -11
-11 071 -11 -11 -11 -11 -11 072 -11 073 -11 -11 -11 -11 -11 -11 -11 -11 -11 074 -11 075 -11 -11 -11 -11 -11 076 -11
-11 077 -11 -11 -11 -11 -11 078 -11 079 080 081 082 083 -11 084 085 086 087 088 -11 089 -11 -11 -11 -11 -11 090 -11
-11 091 092 093 094 095 096 097 -11 -11 -11 -11 -11 098 -11 099 -11 -11 -11 -11 -11 100 101 102 103 104 105 106 -11
-11 -11 -11 -11 -11 -11 -11 107 -11 108 109 110 111 112 113 114 115 116 117 118 -11 119 -11 -11 -11 -11 -11 -11 -11
-11 -11 -11 -11 -11 -11 -11 120 -11 121 -11 -11 -11 -11 122 -11 -11 -11 -11 123 -11 124 -11 -11 -11 -11 -11 -11 -11
125 126 127 128 129 130 131 132 133 134 -11 135 136 137 138 139 140 141 -11 142 143 144 145 146 147 148 149 150 151
-11 -11 -11 -11 -11 -11 -11 152 -11 153 -11 -11 -11 -11 -11 -11 -11 -11 -11 154 -11 155 -11 -11 -11 -11 -11 -11 -11
-11 -11 -11 -11 -11 -11 -11 156 -11 157 158 159 160 161 162 163 164 165 166 167 -11 168 -11 -11 -11 -11 -11 -11 -11
-11 169 170 171 172 173 174 175 -11 -11 -11 -11 -11 176 -11 177 -11 -11 -11 -11 -11 178 179 180 181 182 183 184 -11
-11 185 -11 -11 -11 -11 -11 186 -11 187 188 189 190 191 -11 192 193 194 195 196 -11 197 -11 -11 -11 -11 -11 198 -11
-11 199 -11 -11 -11 -11 -11 200 -11 201 -11 -11 -11 -11 -11 -11 -11 -11 -11 202 -11 203 -11 -11 -11 -11 -11 204 -11
-11 205 206 207 208 209 210 211 212 213 214 215 216 217 218 219 220 221 222 223 224 225 226 227 228 229 230 231 -11
-11 232 -11 -11 -11 -11 -11 233 -11 -11 -11 -11 -11 234 -11 235 -11 -11 -11 -11 -11 236 -11 -11 -11 -11 -11 237 -11
-11 238 -11 -11 -11 -11 -11 239 -11 -11 -11 -11 -11 240 -11 241 -11 -11 -11 -11 -11 242 -11 -11 -11 -11 -11 243 -11
-11 244 -11 -11 -11 -11 -11 245 -11 -11 -11 -11 -11 246 -11 247 -11 -11 -11 -11 -11 248 -11 -11 -11 -11 -11 249 -11
-11 250 251 252 253 254 255 256 257 258 259 260 261 262 -11 263 264 265 266 267 268 269 270 271 272 273 274 275 -11
-11 -11 -11 -11 -11 -11 -11 -11 -11 -11 -11 -11 -11 -11 -11 -11 -11 -11 -11 -11 -11 -11 -11 -11 -11 -11 -11 -11 -11


